new changes

020708101115161819212324
010203050608131415161718
030709101213141517212324
020304091112161718192023
010710121316171819202223
020407080910111517192024
020405070809101517181924
020507081112141617202124
010608121314151719212223
010304060711121516171823
010608091013141517181922
010207101113141618192124
020607091011141618192324
020305081013151619212223
010203060809101112141519
010304050608101113192021
020304051112141718202123
020510111415161819212324
010203080911141617212223
020305061014151718192124
010205060708111718192324
020304060712131419212224
010506091113141819202324
010203070809111617182124